35
37
42
54
53
49
59
37
36
49
45
56
54
50
45
51
54
50
44
42
41
48
48
44
58
49
50
48
49
43
51
43
55
42
54
51
52
48
52
44
45
57
45
40
45
51
48
49
54
48
63
43
47
47
49
52
45
55
44
52
50
55
56
46
49
48
48
45
48
50
51
48
58
51
50
50
42
54
46
42
49
52
59
54
48
59
55
44
56
61
42
55
54
50
53
58
47
54
55
49
45
55
52
44
47
56
55
41
53
50
57
46
44
55
53
47
57
46
59
51
59
51
39
54
51
49
48
45
51
56
54
48
53
55
49
43
58
53
47
51
51
47
51
48
51
55
43
46
49
45
54
45
50
49
48
51
54
41
47
58
52
48
54
49
45
55
55
45
53
45
47
55
48
52
41
52
44
50
41
49
49
62
53
50
56
49
46
51
54
52
51
42
49
55
43
50
50
48
40
51
52
48
49
50
62
42
52
51
55
47
47
50
54
48
53
50
49
42
55
53
57
52
47
53
55
45
53
54
50
52
49
54
56
47
53
57
40
44
59
46
46
43
46
48
50
50
44
61
47
53
58
40
49
51
49
53
47
50
44
61
43
50
47
47
44
50
48
46
41
53
52
48
44
51
41
42
59
51
47
46
53
53
52
46
46
50
46
49
47
57
47
45
54
51
57
52
56
51
47
59
47
48
49
54
46
51
54
43
56
53
47
45
47
54
46
42
57
47
57
41
51
42
55
52
43
42
52
43
44
45
56
45
43
53
52
47
40
47
53
49
45
55
49
49
47
48
48
47
46
51
58
40
53
53
57
46
55
48
51
56
53
47
41
43
39
52
48
50
50
44
44
50
50
50
49
55
41
37
47
49
41
52
59
42
47
55
48
57
48
42
52
45
47
42
56
44
50
49
54
51
42
48
59
52
47
50
57
52
47
57
43
51
55
50
53
56
57
46
56
44
47
44
49
60
53
46
55
59
59
51
49
43
55
42
44
47
49
47
41
57
47
52
60
44
50
47
51
50
46
48
44
55
58
56
49
50
46
47
51
47
48
43
54
47
40
52
52
57
50
50
50
50
62
50
47
46
54
47
38
51
54
48
48
52
53
38
44
47
52
51
52
51
47
48
52
47
53
52
56
58